1 6 8 11 12 14 15 19 22 25 26 35 49 50 62 68 82 85 86 116 155 160 165 175 211 315 325 380 
1 6 8 11 12 14 15 19 22 25 26 35 49 50 62 68 82 85 86 116 155 160 165 175 211 315 325 380 
1 6 8 11 12 14 15 19 22 25 26 35 49 50 62 68 82 85 86 116 155 160 165 175 211 315 325 380 
1 6 8 11 12 14 15 19 22 25 26 35 49 50 62 68 82 85 86 116 155 160 165 175 211 315 325 380 
1 6 8 11 12 14 15 19 22 25 26 35 49 50 62 68 82 85 86 116 155 160 165 175 211 315 325 380 
1 6 8 11 12 14 15 19 22 25 26 35 49 50 62 68 82 85 86 116 155 160 165 175 211 315 325 380 
1 6 8 11 12 14 15 19 22 25 26 35 49 50 62 68 82 85 86 116 155 160 165 175 211 315 325 380 
1 6 8 10 11 12 16 17 19 21 22 25 26 31 32 35 38 49 50 59 62 65 68 77 82 85 86 91 92 99 
1 6 8 10 11 12 16 17 19 21 22 25 26 31 32 35 38 49 50 59 62 65 68 77 82 85 86 91 92 99 
1 6 8 10 11 12 16 17 19 21 22 25 26 31 32 35 38 49 50 59 62 65 68 77 82 85 86 91 92 99 
10 11 16 17 19 21 22 25 26 31 32 35 38 49 50 59 62 65 67 68 77 82 85 86 87 91 92 99 
10 11 16 17 19 21 22 25 26 31 32 35 38 49 50 59 62 65 67 68 77 82 85 86 87 91 92 99 
10 11 16 17 19 21 22 25 26 31 32 35 38 49 50 59 62 65 67 68 77 82 85 86 87 91 92 99 
10 11 16 17 19 21 22 25 26 31 32 35 38 49 50 59 62 65 67 68 77 82 85 86 87 91 92 99 
10 11 16 17 19 21 22 25 26 31 32 35 38 49 50 59 62 65 67 68 77 82 85 86 87 91 92 99 
10 11 16 19 21 22 25 26 31 32 33 35 38 49 50 59 62 65 67 68 77 82 85 86 87 91 92 95 99 100 111 115 116 117 128 136 184 199 204 214 217 222 284 
10 11 16 19 21 22 25 26 31 32 33 35 38 49 50 59 62 65 67 68 77 82 85 86 87 91 92 95 99 100 111 115 116 117 128 136 184 199 204 214 217 222 284 

10 11 16 19 21 22 25 26 31 32 33 35 38 49 50 59 62 65 67 68 77 82 85 86 87 91 92 95 99 100 111 115 116 117 128 136 184 199 204 214 217 222 284 
10 11 16 19 21 22 25 26 31 32 33 35 38 49 50 59 62 65 67 68 77 82 85 86 87 91 92 95 99 100 111 115 116 117 128 136 184 199 204 214 217 222 284 
10 11 16 19 21 22 25 26 31 32 33 35 38 49 50 59 62 65 67 68 77 82 85 86 87 91 92 95 99 100 111 115 116 117 128 136 184 199 204 214 217 222 284 
10 11 16 19 21 22 25 26 31 32 33 35 38 49 50 59 62 65 67 68 77 82 85 86 87 91 92 95 99 100 111 115 116 117 128 136 184 199 204 214 217 222 284 
